1  5.857E+10  3.332E+10  3.524E+11 -2.665E+08  6.345E+09 -3.486E+10 
2  1.823E+10 -7.664E+10  3.390E+11  1.370E+10  8.493E+10 -4.635E+10 
3  6.649E+10  4.560E+10  3.894E+11  1.813E+10  8.744E+10 -4.764E+10 
4  1.156E+11  1.636E+11  4.169E+11  3.764E+08  3.442E+10 -3.239E+10 
5  5.253E+10 -1.325E+10  2.497E+11  3.476E+08 -3.954E+10 -1.233E+10 
6  4.574E+10  5.055E+10  2.086E+11 -8.604E+08  9.118E+09 -4.750E+08 
7  3.115E+10  2.708E+09  1.901E+11  2.851E+09  2.874E+09  2.915E+09 
8  1.218E+10  2.148E+10  9.116E+10  9.953E+08 -6.428E+08  1.028E+10 
9  2.085E+10  1.439E+10  1.442E+11  4.123E+09 -1.870E+10  1.840E+09 
10  3.626E+10  1.059E+10  1.969E+11 -4.283E+09  7.217E+09 -4.425E+09 
11  3.696E+09  1.878E+09  3.660E+09  4.342E+09  2.599E+09  3.367E+09 
12  2.648E+09 -1.906E+10  8.546E+10  5.297E+08  3.491E+10 -2.877E+10 
13  3.101E+07 -1.188E+10 -3.480E+09  4.711E+09 -7.051E+08  3.937E+09 
14  2.135E+09  6.183E+08 -1.162E+08  7.798E+08 -1.665E+09  2.526E+09 
15  2.434E+09 -6.658E+09  1.586E+09  4.371E+09  2.419E+09  2.371E+09 
16 -3.163E+09 -9.755E+08 -1.310E+08  6.656E+08 -1.640E+09 -6.590E+08 
17 -2.546E+09  3.138E+09 -2.187E+09  4.961E+09  1.160E+07 -2.899E+09 
18 -1.098E+10 -2.507E+10  1.180E+10  5.159E+09 -6.153E+08  3.614E+08 
19 -3.659E+09 -2.322E+10  4.011E+10  2.040E+09 -1.239E+10 -2.972E+09 
20 -1.385E+10 -3.548E+10  1.013E+10  6.023E+09 -3.465E+09  2.143E+09 
21 -2.069E+10 -4.635E+10  6.284E+09  1.857E+09 -2.260E+10 -3.131E+09 
22 -1.402E+09  2.556E+09  1.060E+11  5.159E+09  1.221E+10 -8.974E+08 
23  7.047E+10  2.311E+10  3.036E+11 -7.348E+09  1.377E+10 -1.610E+10 
24 -1.616E+10 -3.098E+10  8.352E+10 -3.860E+09 -2.127E+09 -2.361E+09 
25  5.912E+09  5.475E+09  1.101E+11 -1.369E+08 -1.671E+09  2.070E+09 
26 -2.838E+09 -3.106E+09  9.028E+10 -1.045E+08 -6.326E+08 -8.143E+08 
27  6.103E+08  6.772E+08  1.009E+11 -7.240E+09 -8.387E+09 -7.018E+08 
28  2.174E+09  3.297E+09  1.005E+11 -2.013E+09 -6.060E+09 -8.742E+08 
29  1.003E+11  8.469E+10  2.916E+11 -2.023E+09  6.385E+08 -3.804E+09 
