1  5.857E+10  3.332E+10  3.524E+11 -2.665E+08  6.345E+09 -3.486E+10 
2  1.823E+10 -7.664E+10  3.390E+11  1.370E+10  8.493E+10 -4.635E+10 
3  6.649E+10  4.560E+10  3.894E+11  1.813E+10  8.744E+10 -4.764E+10 
4  1.156E+11  1.636E+11  4.169E+11  3.764E+08  3.442E+10 -3.239E+10 
5  5.253E+10 -1.325E+10  2.497E+11  3.476E+08 -3.954E+10 -1.233E+10 
6  4.574E+10  5.055E+10  2.086E+11 -8.604E+08  9.118E+09 -4.750E+08 
7  3.115E+10  2.708E+09  1.901E+11  2.851E+09  2.874E+09  2.915E+09 
8  1.218E+10  2.148E+10  9.116E+10  9.953E+08 -6.428E+08  1.028E+10 
9  2.085E+10  1.439E+10  1.442E+11  4.123E+09 -1.870E+10  1.840E+09 
10  3.626E+10  1.059E+10  1.969E+11 -4.283E+09  7.217E+09 -4.425E+09 
11  3.696E+09  1.878E+09  3.660E+09  4.342E+09  2.599E+09  3.367E+09 
12  2.648E+09 -1.906E+10  8.546E+10  5.297E+08  3.491E+10 -2.877E+10 
13  3.101E+07 -1.188E+10 -3.480E+09  4.711E+09 -7.051E+08  3.937E+09 
14  2.135E+09  6.183E+08 -1.162E+08  7.798E+08 -1.665E+09  2.526E+09 
15  2.434E+09 -6.658E+09  1.586E+09  4.371E+09  2.419E+09  2.371E+09 
16 -3.163E+09 -9.755E+08 -1.310E+08  6.656E+08 -1.640E+09 -6.590E+08 
17 -2.546E+09  3.138E+09 -2.187E+09  4.961E+09  1.160E+07 -2.899E+09 
18 -1.098E+10 -2.507E+10  1.180E+10  5.159E+09 -6.153E+08  3.614E+08 
19 -3.659E+09 -2.322E+10  4.011E+10  2.040E+09 -1.239E+10 -2.972E+09 
20 -1.385E+10 -3.548E+10  1.013E+10  6.023E+09 -3.465E+09  2.143E+09 
21 -2.069E+10 -4.635E+10  6.284E+09  1.857E+09 -2.260E+10 -3.131E+09 
22 -1.402E+09  2.556E+09  1.060E+11  5.159E+09  1.221E+10 -8.974E+08 
23  7.047E+10  2.311E+10  3.036E+11 -7.348E+09  1.377E+10 -1.610E+10 
24 -1.616E+10 -3.098E+10  8.352E+10 -3.860E+09 -2.127E+09 -2.361E+09 
25  5.912E+09  5.475E+09  1.101E+11 -1.369E+08 -1.671E+09  2.070E+09 
26 -2.838E+09 -3.106E+09  9.028E+10 -1.045E+08 -6.326E+08 -8.143E+08 
27  6.103E+08  6.772E+08  1.009E+11 -7.240E+09 -8.387E+09 -7.018E+08 
28  2.174E+09  3.297E+09  1.005E+11 -2.013E+09 -6.060E+09 -8.742E+08 
29  1.003E+11  8.469E+10  2.916E+11 -2.023E+09  6.385E+08 -3.804E+09 
30  5.784E+09  1.364E+09  1.063E+11 -7.151E+09 -7.542E+09  2.330E+09 
31  4.386E+10  1.843E+10  1.520E+11  1.501E+09  8.040E+08 -5.198E+09 
32 -1.464E+10 -2.480E+10  7.780E+09 -8.401E+09 -2.336E+10 -8.040E+09 
33  4.281E+10  2.805E+10  1.514E+11 -6.001E+09  5.097E+08  5.410E+06 
34  5.957E+10 -2.407E+10  1.773E+11  6.646E+09 -4.693E+10 -4.885E+10 
35  3.422E+10  5.181E+09  1.445E+11 -3.662E+09  1.388E+09  4.369E+08 
36  9.922E+09  6.325E+09  8.090E+10 -8.092E+09 -3.210E+09  4.517E+09 
37 -1.394E+09  3.406E+09  7.663E+10 -9.343E+08 -2.667E+09  4.261E+09 
38 -8.979E+09 -8.654E+09  5.720E+10  1.595E+09 -6.960E+08  9.972E+09 
39 -3.852E+09 -2.920E+09  7.119E+10  1.930E+08  2.516E+08  4.073E+09 
40 -3.835E+09 -3.978E+09  7.245E+10  5.814E+08  3.163E+09  4.912E+09 
41 -1.233E+10 -8.228E+09  6.678E+10 -1.207E+09  5.739E+09  8.463E+09 
42 -4.173E+09  9.427E+09  7.527E+10  1.094E+09  3.314E+09  7.981E+09 
43 -1.660E+10 -4.078E+10 -3.863E+09 -4.776E+09 -1.154E+10 -5.165E+09 
44 -6.599E+08 -9.150E+09  2.090E+10 -1.724E+09  1.193E+10  5.920E+09 
45  2.073E+10  1.437E+10  6.344E+10 -7.969E+09  2.065E+10 -1.245E+10 
46  1.177E+10  1.036E+10  4.554E+10 -7.972E+08  1.916E+09  5.537E+08 
47  4.901E+10  7.152E+10  2.200E+11  5.253E+09 -5.528E+09 -7.412E+09 
48  2.370E+10  2.028E+10  1.841E+11  3.882E+09  1.262E+10 -4.950E+09 
49  3.891E+10  3.538E+10  2.048E+11 -3.723E+09  9.326E+08 -7.389E+09 
50  4.059E+10  3.379E+10  1.935E+11 -9.409E+09  3.925E+09 -2.146E+09 
51  2.589E+10  9.917E+09  1.891E+11  1.388E+08  6.723E+09 -4.898E+09 
52  1.793E+10  6.473E+09  6.792E+10  5.603E+09  2.663E+09  1.051E+10 
53  1.676E+10  7.359E+08  6.866E+10  5.018E+09 -4.428E+08  1.129E+10 
54  1.357E+10 -4.917E+09  6.300E+10  5.440E+09 -1.628E+09  1.145E+10 
55  2.092E+10  6.059E+09  1.531E+11 -7.203E+09 -4.738E+09  1.045E+10 
56  1.250E+11  6.454E+10  4.183E+11  1.811E+10 -8.344E+10 -1.638E+10 
57  4.363E+10  6.063E+10  1.826E+11 -4.047E+09 -3.286E+08  1.106E+10 
58  1.268E+10 -1.395E+10  1.332E+11 -1.150E+10  7.006E+09  1.609E+10 
59  4.988E+10  7.765E+10  1.646E+11  6.855E+09 -4.185E+10  1.387E+08 
60  1.316E+11  8.371E+10  3.983E+11  6.259E+09  8.758E+09 -4.180E+10 
61  1.316E+10 -5.769E+10  1.742E+11 -2.511E+10  5.859E+08 -1.310E+10 
62 -2.917E+10 -7.042E+10  1.941E+10  8.311E+09  5.144E+10  9.987E+09 
63  8.106E+10  1.548E+10  2.094E+11  2.379E+10 -2.966E+10 -4.227E+10 
64  3.808E+09  6.046E+09  9.620E+10  7.294E+08 -9.010E+08 -1.125E+09 
65  2.485E+09 -2.988E+08  9.724E+10  9.621E+08 -2.264E+09 -2.567E+08 
66 -3.132E+09 -2.784E+09  8.983E+10  5.606E+09  1.056E+10 -1.722E+09 
67 -4.117E+09 -1.286E+09  9.590E+10  6.216E+09  1.008E+10 -3.178E+09 
68  1.506E+09 -4.447E+09  9.073E+10  1.097E+09  4.134E+09  6.914E+08 
69  3.450E+10  4.570E+10  1.127E+11 -9.804E+08  2.371E+10  4.698E+09 
70 -3.022E+09 -7.695E+10  1.077E+11 -6.141E+09 -1.541E+10 -4.523E+09 
71 -1.145E+10 -1.739E+10  2.215E+10 -2.191E+09 -1.508E+10 -9.574E+08 
72 -7.437E+09 -7.098E+10  8.745E+10 -5.558E+09 -3.652E+10 -8.592E+09 
73  3.383E+10  2.695E+10  1.889E+11  3.807E+09 -3.267E+07 -2.476E+09 
74 -4.474E+09  9.716E+09  2.596E+11  6.781E+09 -3.732E+09 -2.390E+09 
75  6.494E+10  1.019E+11  2.213E+11  5.279E+09  5.021E+09 -1.896E+09 
76 -2.736E+09 -1.499E+10  2.928E+11 -9.372E+09 -4.848E+09 -2.090E+10 
77  2.803E+10  1.989E+10  1.842E+11  2.955E+09  1.831E+10 -4.060E+09 
78  1.166E+10  1.331E+10  5.286E+10 -2.423E+09  6.356E+09 -3.397E+08 
79  1.214E+10  1.186E+09  6.135E+10 -4.782E+09  1.097E+10 -3.715E+09 
80  1.193E+10  1.549E+10  6.626E+10  4.542E+09  4.441E+09 -4.065E+09 
81  6.696E+09  1.299E+09  6.213E+10  3.787E+09  6.742E+09 -4.580E+09 
82  1.234E+11  6.695E+10  3.956E+11  1.637E+10 -9.450E+08  6.127E+10 
83  3.918E+10 -1.752E+11  2.660E+11 -5.576E+09  4.454E+10  4.569E+10 
84 -1.842E+10 -4.165E+10  2.525E+11  1.209E+10 -1.627E+10 -7.584E+09 
85  8.984E+10 -2.880E+10  3.673E+11  1.087E+10 -3.423E+10  4.877E+10 
86  3.557E+10  3.682E+09  1.755E+11  1.078E+10 -1.845E+10  1.412E+10 
87  1.612E+11  1.117E+11  4.757E+11  1.600E+10  2.082E+10  5.870E+10 
88  1.426E+09  1.394E+09  7.337E+09 -1.119E+09  2.397E+09 -2.598E+09 
89 -9.880E+08 -4.136E+09  3.617E+09  1.353E+09  4.001E+08 -1.815E+09 
90  2.559E+09  1.483E+09  8.207E+09 -1.523E+09  1.137E+09 -1.721E+09 
91 -1.431E+09 -6.094E+09  2.643E+09  1.096E+09 -2.130E+09 -9.337E+08 
92 -2.246E+08 -4.643E+09  2.138E+09 -8.268E+07 -1.228E+09 -1.810E+09 
93  9.094E+09  1.688E+10  2.877E+11  1.162E+10 -3.931E+10 -5.054E+09 
94  1.141E+11 -5.567E+10  4.359E+11 -7.592E+09  4.067E+10 -1.743E+08 
